2 8 8 255
572421236 884226273 768535194 854856508 1274481455 1707308165 454288148 919900852
1724090975 1251532942
1466751949 995209983
460882835 1514329441
1025981016 1142005865
1893689595 1591233217
711145806 1160805750
783572066 1213659355
1629666771 300681012
1666369274 1925381037
231315003 830196404
2040438378 1132013669
1811840574 1695420029
1123872295 1275334170
1806424995 1993645981
2018944856 175234768
0 0
829065182 564078320
1141308150 956813076
1137170791 1179694247
521386245 2083408550
336726968 1573736105
1217144607 934315483
1227285411 1792190364
340250834 1393810320
68653804 1118724606
854504293 1171044475
2016869550 216535864
823454793 395972631
653819139 444797692
1777671954 2010625208
1464924061 677861069
581120478 358831693
1376653530 1053556792
2027658430 974172906
1539261597 287213183
2022046452 540732113
325647677 1765528106
512803925 953647808
1534471078 1347912429
339874491 1852207948
418390233 2104444762
1376158109 999712661
484653482 1684949335
611955715 1426686009
309783494 507744757
1689626448 1786172470
312192594 1405146454
536879065 1330547870
2101112779 1311495781
1176892158 2106239056
1271605945 1351105036
902040375 1557437304
161358120 887731290
1919314267 1747494286
935006256 1947891924
1692803052 1858271904
1355901082 1874802318
1675405832 1149955664
1193730199 231991942
86613778 890161327
2042320730 1490292282
1698862708 878540984
1605789798 2131642192
1701938659 765512845
1181208296 741705409
795039091 2012005565
840384475 341600803
3124102 1039849333
1962834264 470857648
2143767148 2095264429
1500927916 1522580529
1435215726 1047462330
178857032 761603988
417928725 1870250412
1579981594 1157253892
1779142536 4900333
990743688 473686956
1202985098 1834884380
894516184 368069457
958738607 1104870978
1049376602 1459085509
750408012 713611478
1978974670 399342956
1249194073 1671135533
1022840945 1740823847
1149484659 1939364963
2142679683 1710162744
0 0
446375189 1887450696
881621951 1312355712
495905308 1292535131
1546917491 1066382793
692936372 1819605963
1084832998 143638933
41360309 874380240
592167809 1578662116
1200586238 1924902743
1123713760 1324161323
1487801363 628060923
956633332 1229926202
1630322790 1169607269
1389634741 191159904
1501858046 527990380
1581727143 2032588363
2060820823 1906010633
525670329 935624988
2045289296 170206489
367462162 977011012
1357999747 145061145
908158128 702643650
2064213117 2115742840
1432153637 848157528
1267184112 1410882444
2133983106 507523826
2139043866 63254576
163180046 1726711939
1759424992 996695084
840674055 484724492
1609756641 1871875023
517493415 515953961
2123794216 373311104
775547496 1889892243
1124850545 868275997
1689535032 1251586892
698342329 372491233
608880923 1066135746
654820587 559017299
1626001738 1279025740
1948283233 480102425
510400659 8517764
1399226235 199220732
414848505 2054226050
1538535318 1747428834
289756690 1065135949
1331056451 53430308
1831062250 673404453
322379169 2071652378
1047984745 1138379500
660562190 1575258964
803889398 644250586
1803403931 592872981
792697228 156903966
1236896758 1912190925
84832268 1200451335
195202620 1582565534
315756949 1543734473
2042970675 265801904
1508667036 1861983794
492798018 149847160
1967861668 945993635
1023072357 421696062
42603229 352699397
520265453 187376355
1276233251 1383238854
710465895 1126822365
287055828 1473582931
1961405157 2073129058
611050030 450390950
1783174084 1428489471
1620290639 988928369
173425831 1980514584
211183823 808928260
1723223292 2065016186
718981500 285536128
996147622 1077532369
1497437802 70507077
2143399512 852991389
434663510 1448134676
675279023 1209304459
1362520912 674984499
2023329613 1989715489
1091663097 1605555008
1215796025 1066890739
1502296240 1529005158
1122044582 813681881
2008846787 1875562724
1423993510 105072245
616414771 1054122276
1038856085 1173432101
227551565 1111530381
1180828282 1043808106
1037117696 1474491221
1931809270 207112157
2087763947 124813950
240752810 843288702
1293599404 948923350
633061549 250913824
514887447 1562440165
1419608717 294644722
951399933 2146651180
593741631 1594714455
2074568382 433041350
1776927736 1980800854
893117911 1563049067
264762131 803857463
898919095 9816292
2135249614 923564219
1705941583 1662647419
624299811 18305695
488085988 366712550
958577875 294014641
1727400612 924092167
1852942227 831046478
1331432902 241735303
258012605 947143903
544162339 1956550429
293647416 1706616602
1306844767 563177389
566614866 499236589
832988632 1154506340
2147044982 156430570
1378208217 1269145889
1168591441 975545372
1679558297 1322684293
550455807 921390475
1101703312 719227701
1613103074 2133210328
2061048002 653433985
972102976 222885116
2042801432 732430204
1330103377 290090796
995291305 1395972991
332958571 948644831
1257094798 1117756684
318685267 764571543
386444936 1037083362
1976191902 1596880324
547330423 1500110607
1329841732 1707653122
1029814799 1655450686
1796279392 1746656988
933673664 1882775522
861894775 1468431549
1463060063 1405834898
835832152 475953038
319451263 1813769118
2129472374 27632847
646631688 1026478383
1267628455 413969465
313329740 1800558036
1039903824 2001574744
2039190076 797503891
1060739907 231740040
811184126 1534941748
1900627075 1145101721
41763233 247098198
1935270174 2124378039
1405193244 965428876
1067979636 676426363
1509715558 891352485
95702157 1054411233
450010052 2010943339
1672683499 1386634682
191841891 58442274
876070519 107627409
777657081 382320008
